%YAML:1.0
---
K: !!opencv-matrix
   rows: 3
   cols: 3
   dt: d
   data: [ 420.5097, 0., 960.0, 0.,
       420.5097, 540.0, 0., 0., 1. ]
d: !!opencv-matrix
   rows: 5
   cols: 1
   dt: d
   data: [ 0.0, 0.0, 0.0, 0.0, 0.0 ]
